Region
2000
2010
2000 (%)
2010 (%)
National total
1,265,830,000
1,339,724,852
100
100
Beijing
13,569,194
19,612,368
1.09
1.46
Tianjin
9,848,731
12,938,224
0.79
0.97
Hebei
66,684,419
71,854,202
5.33
5.36
Shanxi
32,471,242
35,712,111
2.6
2.67
Inner Mongolia
23,323,347
24,706,321
1.88
1.84
Liaoning
41,824,412
43,746,323
3.35
3.27
Jilin
26,802,191
27,462,297
2.16
2.05
Heilongjiang
36,237,576
38,312,224
2.91
2.86
Shanghai
16,407,734
23,019,148
1.32
1.72
Jiangsu
73,043,577
78,659,903
5.88
5.87
Zhejiang
45,930,651
54,426,891
3.69
4.06
Anhui
58,999,948
59,500,510
4.73
4.44
Fujian
34,097,947
36,894,216
2.74
2.75
Jiangxi
40,397,598
44,567,475
3.27
3.33
Shandong
89,971,789
95,793,065
7.17
7.15
Henan
91,236,854
94,023,567
7.31
7.02
Hubei
59,508,870
57,237,740
4.76
4.27
Hunan
63,274,173
65,683,722
5.09
4.9
Guangdong
85,225,007
104,303,132
6.83
7.79
Guangxi
43,854,538
46,026,629
3.55
3.44
Hainan
7,559,035
8,671,518
0.62
0.65
Chongqing
30,512,763
28,846,170
2.44
2.15
Sichuan
82,348,296
80,418,200
6.58
6
Guizhou
35,247,695
34,746,468
2.78
2.59
Yunnan
42,360,089
45,966,239
3.39
3.43
Tibet
2,616,329
3,002,166
0.21
0.22
Shaanxi
35,365,072
37,327,378
2.85
2.79
Gansu
25,124,282
25,575,254
2.02
1.91
Qinghai
4,822,963
5,626,722
0.41
0.42
Ningxia
5,486,393
6,301,350
0.44
0.47
Xinjiang
18,459,511
21,813,334
1.52
1.63
